63.606100000
48.481719600
42.158460940
54.824160000
64.082559000
28.228000000
79.602808110
71.553600000
15.759000000
13.584260600
84.008000000
74.408712780
73.157200000
17.834000000
76.915213200
34.649920000
36.079420000
22.907956800
30.246422000
50.043592570
56.161874000
36.485000000
5.962992000
89.543465230
12.972300000
60.655844000
70.857966000
51.866970000
65.060000000
0.174420000
43.930690900
0.702505660
10.393379000
69.756600000
34.922434000
33.081000000
72.155009700
14.324830500
59.775100000
61.648140000
67.258120000
48.113682000
60.278000000
32.833180170
37.307984600
32.644340000
55.054517000
49.947410000
77.745610000
47.770598050
62.683673800
35.768000000
64.171100000
57.219262000
96.674720000
32.569251650
51.533600000
61.730200000
46.861760000
86.670200000
86.195000000
97.351000000
50.579946600
98.387606190
31.079957280
9.503260000
25.850344000
5.119110000
35.816610000
89.793200000
52.912000000
25.376756000
12.754000000
53.267850000
96.034000000
72.843400000
9.266842744
34.334270000
8.142715745
1.973054580
58.151998100
42.775400160
3.589490000
6.884232670
80.102514900
24.048130000
14.085172600
43.536600000
28.264000000
21.085700000
15.864230330
63.847000000
38.952300000
32.176000000
67.832187000
9.161345000
60.851000000
52.898000000
74.778146600
83.692316000
63.606100000
48.481719600
42.158460940
54.824160000
64.082559000
28.228000000
79.602808110
71.553600000
15.759000000
13.584260600
84.008000000
74.408712780
73.157200000
17.834000000
76.915213200
34.649920000
36.079420000
22.907956800
30.246422000
50.043592570
56.161874000
36.485000000
5.962992000
89.543465230
12.972300000
60.655844000
70.857966000
51.866970000
65.060000000
0.174420000
43.930690900
0.702505660
10.393379000
69.756600000
34.922434000
33.081000000
72.155009700
14.324830500
59.775100000
61.648140000
67.258120000
48.113682000
60.278000000
32.833180170
37.307984600
32.644340000
55.054517000
49.947410000
77.745610000
47.770598050
62.683673800
35.768000000
64.171100000
57.219262000
96.674720000
32.569251650
51.533600000
61.730200000
46.861760000
86.670200000
86.195000000
97.351000000
50.579946600
98.387606190
31.079957280
9.503260000
25.850344000
5.119110000
35.816610000
89.793200000
52.912000000
25.376756000
12.754000000
53.267850000
96.034000000
72.843400000
9.266842744
34.334270000
8.142715745
1.973054580
58.151998100
42.775400160
3.589490000
6.884232670
80.102514900
24.048130000
14.085172600
43.536600000
28.264000000
21.085700000
15.864230330
63.847000000
38.952300000
32.176000000
67.832187000
9.161345000
60.851000000
52.898000000
74.778146600
83.692316000
63.606100000
48.481719600
42.158460940
54.824160000
64.082559000
28.228000000
79.602808110
71.553600000
15.759000000
13.584260600
84.008000000
74.408712780
73.157200000
17.834000000
76.915213200
34.649920000
36.079420000
22.907956800
30.246422000
50.043592570
56.161874000
36.485000000
5.962992000
89.543465230
12.972300000
60.655844000
70.857966000
51.866970000
65.060000000
0.174420000
43.930690900
0.702505660
10.393379000
69.756600000
34.922434000
33.081000000
72.155009700
14.324830500
59.775100000
61.648140000
67.258120000
48.113682000
60.278000000
32.833180170
37.307984600
32.644340000
55.054517000
49.947410000
77.745610000
47.770598050
62.683673800
35.768000000
64.171100000
57.219262000
96.674720000
32.569251650
51.533600000
61.730200000
46.861760000
86.670200000
86.195000000
97.351000000
50.579946600
98.387606190
31.079957280
9.503260000
25.850344000
5.119110000
35.816610000
89.793200000
52.912000000
25.376756000
12.754000000
53.267850000
96.034000000
72.843400000
9.266842744
34.334270000
8.142715745
1.973054580
58.151998100
42.775400160
3.589490000
6.884232670
80.102514900
24.048130000
14.085172600
43.536600000
28.264000000
21.085700000
15.864230330
63.847000000
38.952300000
32.176000000
67.832187000
9.161345000
60.851000000
52.898000000
74.778146600
83.692316000
63.606100000
48.481719600
42.158460940
54.824160000
64.082559000
28.228000000
79.602808110
71.553600000
15.759000000
13.584260600
84.008000000
74.408712780
73.157200000
17.834000000
76.915213200
34.649920000
36.079420000
22.907956800
30.246422000
50.043592570
56.161874000
36.485000000
5.962992000
89.543465230
12.972300000
60.655844000
70.857966000
51.866970000
65.060000000
0.174420000
43.930690900
0.702505660
10.393379000
69.756600000
34.922434000
33.081000000
72.155009700
14.324830500
59.775100000
61.648140000
67.258120000
48.113682000
60.278000000
32.833180170
37.307984600
32.644340000
55.054517000
49.947410000
77.745610000
47.770598050
62.683673800
35.768000000
64.171100000
57.219262000
96.674720000
32.569251650
51.533600000
61.730200000
46.861760000
86.670200000
86.195000000
97.351000000
50.579946600
98.387606190
31.079957280
9.503260000
25.850344000
5.119110000
35.816610000
89.793200000
52.912000000
25.376756000
12.754000000
53.267850000
96.034000000
72.843400000
9.266842744
34.334270000
8.142715745
1.973054580
58.151998100
42.775400160
3.589490000
6.884232670
80.102514900
24.048130000
14.085172600
43.536600000
28.264000000
21.085700000
15.864230330
63.847000000
38.952300000
32.176000000
67.832187000
9.161345000
60.851000000
52.898000000
74.778146600
83.692316000
