10.2956
1.0
2.0
4.1231
5.831
3.1623
3.0
4.0
3.0
10.8167
2.2361
5.831
5.3852
2.0
4.0
3.6056
1.4142
2.8284
4.4721
8.2462
4.1231
8.0623
1.4142
5.6569
6.7082
10.0
1.0
2.2361
3.1623
5.3852
6.7082
5.099
5.099
5.6569
1.4142
8.6023
7.6158
3.6056
3.1623
1.4142
1.0
6.7082
3.6056
6.0828
5.3852
2.2361
7.0711
4.1231
3.0
4.4721
4.4721
9.2195
4.0
1.0
5.3852
9.0554
4.2426
2.0
5.099
2.8284
4.1231
3.6056
2.0
2.2361
4.1231
7.2111
3.6056
5.099
4.1231
5.831
3.1623
5.831
5.3852
3.6056
6.0828
3.6056
5.0
2.2361
5.3852
3.0
2.2361
3.1623
5.0
5.0
6.7082
4.4721
7.6158
8.0
5.099
2.2361
1.0
3.6056
6.7082
7.8102
2.2361
6.7082
5.099
4.1231
4.2426
4.1231
2.2361
1.0
4.4721
5.0
3.1623
9.4868
7.6158
2.2361
3.6056
2.2361
3.6056
3.6056
3.1623
5.099
7.0711
5.831
3.0
1.4142
3.1623
1.4142
3.0
4.4721
5.0
6.0
7.2111
5.3852
12.0416
1.4142
1.4142
8.0623
8.0623
5.3852
5.3852
1.4142
11.1803
5.0
5.6569
4.0
1.0
6.0828
7.0711
8.6023
6.3246
2.8284
10.6301
7.6158
4.4721
7.8102
5.831
4.2426
7.0711
4.4721
4.0
5.099
5.831
2.2361
4.1231
5.831
1.0
6.3246
2.2361
5.0
4.0
2.0
8.4853
6.4031
5.099
6.0828
8.544
2.0
2.8284
1.0
7.2801
3.6056
5.3852
8.0623
14.0
7.2111
3.6056
5.831
3.1623
5.0
7.2801
5.3852
6.7082
4.4721
3.6056
4.2426
1.4142
0.0
3.6056
1.4142
2.2361
5.0
2.8284
3.0
6.7082
6.0828
7.0711
7.6158
0.0
3.6056
5.0
7.0711
4.2426
6.0
4.4721
3.1623
7.0711
2.0
5.6569
7.6158
4.0
7.0
5.831
2.0
7.2111
7.2111
5.6569
9.434
5.0
4.2426
3.6056
4.4721
5.831
8.544
6.4031
2.0
7.0711
4.4721
3.0
2.0
1.4142
3.6056
9.8489
5.0
4.2426
1.4142
10.8167
4.4721
0.0
7.2111
1.4142
7.0711
6.4031
2.8284
3.1623
5.6569
8.2462
3.1623
2.2361
4.1231
6.3246
9.2195
5.0
2.8284
5.0
2.2361
7.0711
4.0
4.2426
5.831
7.0
5.0
2.2361
3.0
5.3852
3.1623
3.1623
9.8489
2.2361
7.2111
2.0
3.1623
3.6056
7.2111
7.0711
2.0
6.4031
6.4031
3.1623
4.0
4.1231
6.0828
5.3852
6.7082
1.0
1.4142
5.0
1.4142
4.1231
1.0
2.2361
7.2801
5.3852
3.1623
2.2361
6.3246
3.0
5.0
6.0828
1.0
11.1803
1.4142
8.0
6.3246
10.6301
5.831
2.2361
5.0
7.2111
5.0
3.6056
1.4142
5.831
8.0623
1.4142
4.4721
2.8284
2.8284
7.2801
4.2426
3.6056
5.831
5.0
3.6056
4.1231
8.0
4.2426
9.8489
1.0
3.0
3.6056
7.2801
5.099
4.0
4.1231
5.099
5.099
4.2426
2.0
8.9443
3.6056
1.0
2.0
1.0
1.0
14.8661
7.2111
8.2462
7.0
7.0
1.0
5.6569
5.831
5.3852
1.0
6.0828
2.2361
3.6056
4.0
2.0
1.4142
8.0623
4.1231
7.2111
18.0278
6.4031
4.4721
1.4142
2.8284
5.3852
1.4142
5.3852
5.831
3.1623
8.4853
2.0
