10.2956
1.0
2.0
4.1231
5.831
3.1623
3.0
4.0
3.0
10.8167
2.2361
5.831
5.3852
2.0
4.0
3.6056
1.4142
2.8284
4.4721
8.2462
4.1231
8.0623
1.4142
5.6569
6.7082
10.0
1.0
2.2361
3.1623
5.3852
6.7082
5.099
5.099
5.6569
1.4142
8.6023
7.6158
3.6056
3.1623
1.4142
1.0
6.7082
3.6056
6.0828
5.3852
2.2361
7.0711
4.1231
3.0
4.4721
4.4721
9.2195
4.0
1.0
5.3852
9.0554
4.2426
2.0
5.099
2.8284
4.1231
3.6056
2.0
2.2361
4.1231
7.2111
3.6056
5.099
4.1231
5.831
3.1623
5.831
5.3852
3.6056
6.0828
3.6056
5.0
2.2361
5.3852
3.0
2.2361
3.1623
5.0
5.0
6.7082
4.4721
7.6158
8.0
5.099
2.2361
1.0
3.6056
