# 
# ['Tue Apr 29 15:56:09 PDT 2014']
# 
33.558  23.273  14.990  34.179  13.432
20.341  31.975  30.330  29.559  16.101
20.111  24.601  13.870  13.553  15.691
32.186  32.781  34.672  32.382  21.073
11.588  14.136  17.201  35.909  28.673
28.687  34.610  17.386  16.232  22.464
30.693  35.608  13.254  25.684  18.901
30.870  16.459  30.004  33.774  21.663
19.409  21.490  30.187  20.672  13.810
19.650  29.184  30.162  33.950  30.253
18.318  25.718  33.503  30.021  29.423
21.498  33.045  23.536  25.566  24.216
15.824  14.549  29.719  24.979  16.919
12.867  24.696  18.921  19.926  25.293
33.769  20.397  27.625  14.441  21.023
16.866  35.090  27.309  27.991  23.913
23.141  29.769  13.386  12.148  30.771
32.623  31.856  32.089  18.425  24.377
36.092  30.772  27.025  26.234  16.753
16.515  29.192  24.372  30.778  23.375
30.745  30.140  34.309  28.543  25.474
20.205  11.027  31.662  23.610  11.462
13.103  15.184  33.019  29.574  14.580
11.946  23.615  19.074  21.294  24.873
22.417  15.552  28.001  24.618  27.395
35.725  14.942  28.155  14.862  16.320
17.120  12.953  17.637  17.840  20.719
33.304  22.727  20.608  30.956  29.072
35.003  28.640  16.944  22.060  24.172
23.419  31.169  27.652  16.599  28.481
16.320  35.658  20.329  31.437  23.460
25.627  22.851  23.698  26.796  14.706
28.069  20.992  27.296  17.358  27.648
27.220  16.483  24.207  24.002  11.781
11.604  25.881  14.437  29.700  20.152
21.155  30.496  16.627  25.231  24.524
13.952  28.151  17.792  11.737  27.927
14.079  36.126  15.307  27.616  24.791
32.979  13.745  24.480  28.787  25.154
15.917  26.282  13.709  27.727  21.635
18.058  22.447  25.788  27.873  12.512
25.952  32.958  25.210  21.374  32.404
28.247  17.942  25.653  15.804  11.068
12.843  25.221  19.494  35.277  35.971
32.319  11.566  31.216  11.140  27.500
12.314  23.550  33.730  11.240  31.435
13.255  21.840  35.700  18.462  31.452
18.429  15.183  20.767  22.081  29.208
17.386  27.703  31.394  20.614  24.381
14.911  11.639  23.264  31.510  24.954
28.428  16.599  17.782  26.084  15.966
15.261  20.173  21.840  14.673  25.962
19.468  25.795  22.438  15.595  29.414
12.809  11.050  22.349  31.101  23.813
16.788  17.740  35.070  31.667  34.123
35.146  19.007  33.313  33.741  29.168
24.122  35.062  22.251  35.555  11.540
34.109  36.092  31.919  15.894  17.049
27.459  21.180  23.521  18.831  35.295
17.670  23.985  28.711  20.163  17.407
13.895  34.040  23.803  13.453  25.759
24.054  12.340  19.739  15.855  27.560
30.905  27.376  12.845  12.368  20.516
36.045  23.590  33.251  29.106  16.372
19.054  12.224  23.484  28.875  10.946
33.062  36.011  22.916  20.208  11.825
29.039  21.265  15.302  13.473  32.583
26.687  15.416  33.257  36.136  11.212
25.177  15.275  22.123  11.654  31.750
13.079  25.012  17.540  24.428  12.071
27.624  23.941  14.638  36.064  30.249
31.795  15.063  23.914  21.411  12.661
30.171  16.522  11.973  35.198  13.744
19.827  36.089  11.626  23.592  19.482
33.411  34.916  19.345  35.541  27.540
12.956  13.287  36.039  13.596  28.716
14.235  26.564  11.024  21.972  34.789
22.006  31.964  28.615  21.932  17.233
24.932  28.778  26.252  14.765  11.663
13.276  35.033  12.330  16.260  30.752
16.047  20.508  32.288  25.571  24.306
20.876  25.411  33.843  29.926  28.069
27.260  14.907  33.180  29.253  28.523
30.874  32.153  12.085  11.088  18.690
35.744  12.665  33.978  16.168  12.717
14.786  30.337  20.838  31.126  31.623
32.604  20.969  28.947  25.580  16.121
12.959  26.729  29.483  24.593  33.973
16.963  16.710  35.674  18.850  30.765
12.868  16.680  15.729  34.794  15.431
30.220  22.592  28.907  25.636  29.721
11.976  32.131  30.810  17.758  13.052
31.358  12.222  26.201  17.339  25.085
17.624  26.019  21.929  33.217  11.474
25.776  35.524  32.016  35.462  28.166
34.025  17.538  30.383  25.904  18.919
13.469  30.250  28.123  18.470  32.827
13.033  29.184  22.364  26.549  35.041
13.453  31.908  17.722  21.371  32.864
26.536  21.544  28.022  18.391  27.401
