5.0
2.2361
3.1623
1.4142
5.099
5.0
4.1231
2.8284
4.1231
3.0
5.3852
4.1231
5.831
2.2361
5.0
2.2361
4.2426
4.2426
2.0
4.0
5.6569
2.8284
5.0
5.3852
1.0
2.2361
6.4031
4.1231
3.1623
3.6056
4.4721
5.3852
3.6056
1.4142
5.099
2.8284
5.0
3.1623
7.6158
3.0
5.0
0.0
4.2426
5.3852
1.0
3.1623
3.6056
1.4142
6.4031
1.4142
5.831
3.1623
4.0
6.0828
6.3246
2.2361
3.1623
4.2426
4.1231
1.4142
4.1231
7.2801
5.099
4.1231
3.6056
6.3246
4.1231
4.0
7.2801
3.1623
4.1231
2.2361
3.1623
5.0
2.2361
1.0
4.4721
3.1623
3.6056
5.099
1.0
5.3852
7.2801
3.6056
9.2195
3.1623
2.8284
2.2361
3.6056
3.0
4.1231
5.0
2.2361
3.6056
3.6056
2.0
2.8284
4.0
5.099
5.3852
1.4142
3.6056
4.0
4.2426
3.6056
5.3852
3.6056
1.0
4.2426
5.831
6.4031
2.2361
5.0
4.4721
4.0
1.0
1.4142
7.2111
3.6056
2.8284
3.0
4.4721
3.6056
5.0
3.1623
2.0
3.1623
2.0
6.7082
9.8995
2.0
1.4142
2.8284
3.0
4.2426
3.0
7.6158
3.1623
1.4142
3.1623
3.1623
2.2361
8.0623
1.4142
1.0
3.6056
1.0
1.0
2.0
4.0
1.0
5.0
2.2361
2.2361
1.4142
4.2426
5.831
4.1231
2.2361
4.1231
2.2361
4.1231
5.0
1.4142
5.3852
6.4031
1.4142
6.0828
3.0
3.1623
4.1231
6.3246
3.0
3.6056
1.0
2.0
5.099
7.2801
2.2361
5.831
3.1623
5.0
9.8995
2.2361
7.2801
5.099
2.8284
3.6056
3.1623
4.4721
9.2195
4.1231
3.6056
2.2361
4.1231
5.6569
2.2361
2.2361
6.3246
3.6056
5.099
3.1623
2.0
2.2361
4.0
2.0
6.0828
0.0
2.0
5.6569
2.2361
1.0
4.1231
7.0711
6.0828
3.6056
3.6056
3.6056
10.7703
1.4142
5.831
5.6569
8.4853
3.6056
1.4142
2.2361
3.6056
1.4142
5.0
4.1231
4.1231
3.1623
4.1231
4.1231
2.2361
5.6569
7.6158
5.6569
5.0
5.0
4.2426
4.2426
3.0
10.0499
4.2426
4.2426
3.1623
3.1623
4.2426
1.0
2.2361
1.4142
3.1623
2.0
2.8284
1.4142
2.2361
1.4142
15.8114
2.8284
1.0
2.2361
2.2361
2.0
2.2361
3.6056
2.2361
1.4142
1.0
3.6056
2.0
1.0
3.0
2.2361
1.0
1.0
3.1623
0.0
2.0
4.1231
2.0
1.0
1.0
2.2361
2.2361
3.0
1.0
2.0
2.8284
0.0
1.0
0.0
3.6056
2.8284
3.0
1.0
1.4142
4.1231
4.1231
2.0
2.8284
2.2361
3.1623
1.4142
3.6056
1.4142
1.4142
2.2361
3.1623
0.0
1.0
0.0
2.2361
1.4142
2.0
3.1623
0.0
1.0
2.2361
3.1623
3.1623
1.0
0.0
1.0
1.0
2.0
7.6158
1.4142
8.6023
1.0
2.2361
1.0
3.6056
1.4142
3.1623
1.4142
0.0
6.4031
3.0
3.6056
2.2361
1.4142
1.0
2.2361
1.4142
0.0
1.0
5.099
4.1231
1.0
2.0
1.4142
3.6056
4.0
2.2361
4.2426
1.0
1.0
1.0
1.0
2.2361
2.0
4.2426
4.1231
4.4721
1.4142
1.0
1.4142
1.0
4.2426
3.6056
0.0
1.0
5.3852
1.4142
1.4142
0.0
2.2361
4.0
2.0
1.0
0.0
3.1623
4.0
2.2361
1.4142
1.0
0.0
1.0
2.8284
0.0
3.1623
1.0
1.0
1.0
2.2361
3.1623
0.0
1.4142
4.4721
0.0
2.0
2.0
3.0
3.0
1.0
2.8284
7.0
1.4142
2.0
2.2361
5.0
4.1231
7.0711
5.0
0.0
1.4142
2.0
2.2361
4.0
2.2361
1.4142
1.0
3.1623
1.4142
2.2361
2.2361
1.4142
1.0
0.0
2.2361
5.0
1.0
2.2361
2.2361
2.0
3.1623
2.2361
1.0
1.4142
3.1623
2.2361
2.2361
2.0
3.0
0.0
2.2361
3.1623
2.8284
1.0
3.1623
2.2361
3.1623
3.0
1.0
2.2361
1.0
1.4142
3.6056
1.4142
1.0
2.0
4.2426
1.0
0.0
2.2361
3.0
6.0
1.4142
6.3246
4.4721
3.1623
3.6056
3.0
1.4142
3.0
4.0
2.2361
2.2361
3.1623
2.8284
4.4721
1.0
8.2462
1.0
1.0
3.1623
2.2361
1.4142
1.4142
2.0
3.1623
0.0
3.1623
3.0
2.0
1.0
1.4142
1.0
1.4142
2.2361
1.4142
0.0
2.8284
3.1623
1.0
